
Time                   I        S        U           D    User  SystemWait  Idle  Bi      Bo    Select      Insert      Update      Delete      Commit      Rollback    Errors        TPM      TPS     Users       Response I     S     U     D      
17:14:17 17       43       33       9        0     0     0     0     0       0             43          17          33          9           59          0           0             102      102     [4/4]       12008    9632  6828  17552 21506 
17:14:18 112      306      207      87       0     0     0     0     0       0       306         112         207         87          406         0           0        712      610     [4/4]       8198     3231  1165  556   1219  
17:14:19 232      652      438      174      0     0     0     0     0       0       652         232         438         174         844         0           0        1496     784     [4/4]       7147     17222 6100  15154 18650 
17:14:20 339      930      620      244      0     0     0     0     0       0       930         339         620         244         1203        0           0        2133     637     [4/4]       7193     44184 481   14674 5040  
17:14:21 455      1273     844      328      0     0     0     0     0       0       1273        455         844         328         1627        0           0        2900     767     [4/4]       6969     3804  1189  4101  792   
17:14:22 643      1731     1200     452      0     0     0     0     0       0       1731        643         1200        452         2295        0           0        4026     1126    [4/4]       6178     2380  582   2529  642   
17:14:23 739      2004     1379     524      0     0     0     0     0       0       2004        739         1379        524         2642        0           0        4646     620     [4/4]       6356     2788  820   2864  1489  
17:14:24 924      2509     1736     642      0     0     0     0     0       0       2509        924         1736        642         3302        0           0        5811     1165    [4/4]       5904     23515 8139  23890 541   
17:14:25 1019     2733     1930     707      0     0     0     0     0       0       2733        1019        1930        707         3656        0           0        6389     578     [4/4]       6118     3381  677   2915  3040  
17:14:26 1115     3036     2139     784      0     0     0     0     0       0       3036        1115        2139        784         4038        0           0        7074     685     [4/4]       6230     2168  329   2049  2050  
17:14:27 1225     3264     2304     858      0     0     0     0     0       0       3264        1225        2304        858         4387        0           0        7651     577     [4/4]       6377     4527  618   3053  3098  
17:14:28 1324     3503     2493     900      0     0     0     0     0       0       3503        1324        2493        900         4717        0           0        8220     569     [4/4]       6471     3090  336   2512  2152  
17:14:29 1408     3828     2692     975      0     0     0     0     0       0       3828        1408        2692        975         5075        0           0        8903     683     [4/4]       6531     4379  404   1682  457   
17:14:30 1606     4259     3048     1082     0     0     0     0     0       0       4259        1606        3048        1082        5736        0           0        9995     1092    [4/4]       6276     3026  382   2755  2465  
17:14:31 1703     4499     3218     1147     0     0     0     0     0       0       4499        1703        3218        1147        6068        0           0        10567    572     [4/4]       6386     2770  335   3118  3858  
17:14:32 1851     4930     3540     1262     0     0     0     0     0       0       4930        1851        3540        1262        6653        0           0        11583    1016    [4/4]       6235     3221  347   1478  3142  
17:14:33 1954     5218     3760     1330     0     0     0     0     0       0       5218        1954        3760        1330        7044        0           0        12262    679     [4/4]       6281     1942  319   376   2066  
17:14:34 2071     5546     4002     1399     0     0     0     0     0       0       5546        2071        4002        1399        7472        0           0        13018    756     [4/4]       6276     2015  295   1516  2626  
17:14:35 2214     5939     4262     1499     0     0     0     0     0       0       5939        2215        4262        1499        7976        0           0        13914    896     [4/4]       6213     2171  889   19871 2229  
17:14:36 2324     6231     4469     1572     0     0     0     0     0       0       6231        2324        4469        1572        8365        0           0        14596    682     [4/4]       6258     2576  295   1627  389   
17:14:37 2452     6534     4728     1655     0     0     0     0     0       0       6534        2452        4728        1655        8835        0           0        15369    773     [4/4]       6240     1836  835   3142  3146  
17:14:38 2553     6855     4961     1731     0     0     0     0     0       0       6855        2553        4961        1731        9245        0           0        16100    731     [4/4]       6252     24843 4602  21993 15855 
17:14:39 2687     7181     5191     1813     0     0     0     0     0       0       7181        2687        5191        1813        9691        0           0        16872    772     [4/4]       6245     21116 6106  11885 7837  
17:14:40 2778     7493     5408     1882     0     0     0     0     0       0       7493        2778        5408        1882        10068       0           0        17561    689     [4/4]       6277     33627 4816  21995 27806 
17:14:41 2876     7774     5624     1935     0     0     0     0     0       0       7774        2876        5624        1935        10435       0           0        18209    648     [4/4]       6316     17919 7951  9480  9092  
17:14:42 2984     8073     5857     2002     0     0     0     0     0       0       8073        2984        5857        2002        10843       0           0        18916    707     [4/4]       6329     24777 5073  33752 13022 
17:14:43 3078     8337     6032     2070     0     0     0     0     0       0       8337        3078        6032        2070        11180       0           0        19517    601     [4/4]       6379     19775 4738  33181 26032 
17:14:44 3158     8577     6192     2131     0     0     0     0     0       0       8577        3158        6192        2131        11481       0           0        20058    541     [4/4]       6442     27488 2109  23767 15962 
17:14:45 3254     8856     6401     2201     0     0     0     0     0       0       8856        3254        6401        2201        11856       0           0        20712    654     [4/4]       6467     18972 408   19508 24463 
17:14:46 3371     9125     6631     2268     0     0     0     0     0       0       9126        3371        6631        2268        12270       0           0        21395    683     [4/4]       6480     3916  829   864   1006  
17:14:47 3605     9658     7017     2402     0     0     0     0     0       0       9658        3605        7017        2402        13024       0           0        22682    1287    [4/4]       6311     21309 7262  13037 6851  
17:14:48 3700     9950     7214     2461     0     0     0     0     0       0       9950        3700        7214        2461        13375       0           0        23325    643     [4/4]       6346     13554 8622  13535 21350 
17:14:49 3840     10285    7434     2541     0     0     0     0     0       0       10285       3840        7434        2541        13815       0           0        24100    775     [4/4]       6343     16603 2149  18751 8142  
17:14:50 3937     10546    7584     2605     0     0     0     0     0       0       10546       3937        7584        2605        14126       0           0        24672    572     [4/4]       6389     26100 8195  19738 22957 
17:14:51 4028     10793    7781     2660     0     0     0     0     0       0       10793       4028        7781        2660        14469       0           0        25262    590     [4/4]       6421     34938 10050 34880 21163 
17:14:52 4124     11083    7944     2721     0     0     0     0     0       0       11083       4124        7944        2721        14789       0           0        25872    610     [4/4]       6463     22884 8163  28815 14522 
17:14:53 4249     11425    8203     2807     0     0     0     0     0       0       11425       4249        8203        2807        15259       0           0        26684    812     [4/4]       6452     23777 8980  11886 18676 
17:14:54 4330     11629    8358     2870     0     0     0     0     0       0       11629       4330        8358        2870        15558       0           0        27187    503     [4/4]       6503     19956 10907 20970 21800 
17:14:55 4435     11865    8567     2944     0     0     0     0     0       0       11865       4435        8567        2944        15946       0           0        27811    624     [4/4]       6512     19723 9049  24122 16965 
17:14:56 4524     12091    8716     2994     0     0     0     0     0       0       12091       4524        8716        2994        16234       0           0        28325    514     [4/4]       6565     23919 12643 19922 25844 
17:14:57 4626     12329    8891     3042     0     0     0     0     0       0       12329       4626        8891        3042        16559       0           0        28888    563     [4/4]       6601     16062 2868  19781 12278 
17:14:58 4722     12573    9100     3110     0     0     0     0     0       0       12573       4722        9100        3110        16932       0           0        29505    617     [4/4]       6615     22851 8852  12839 26797 
17:14:59 4817     12803    9276     3177     0     0     0     0     0       0       12803       4817        9276        3177        17270       0           0        30073    568     [4/4]       6657     14952 6847  15963 27106 
17:15:00 4905     13040    9463     3240     0     0     0     0     0       0       13040       4905        9463        3240        17608       0           0        30648    575     [4/4]       6686     13712 908   28912 13524 
17:15:01 5007     13317    9672     3304     0     0     0     0     0       0       13317       5007        9672        3304        17983       0           0        31300    652     [4/4]       6694     7943  2667  5065  8679  
17:15:02 5117     13586    9853     3371     0     0     0     0     0       0       13586       5117        9853        3371        18341       0           0        31927    627     [4/4]       6711     23344 7314  17696 23669 
17:15:03 5207     13827    10045    3445     0     0     0     0     0       0       13827       5207        10045       3445        18697       0           0        32524    597     [4/4]       6736     19263 1171  11136 26948 
17:15:04 5320     14140    10294    3508     0     0     0     0     0       0       14140       5320        10294       3508        19122       0           0        33262    738     [4/4]       6730     30675 6044  16142 15479 
17:15:05 5414     14386    10475    3581     0     0     0     0     0       0       14386       5414        10475       3581        19470       0           0        33856    594     [4/4]       6752     21853 7796  19964 11991 
17:15:06 5521     14689    10712    3658     0     0     0     0     0       0       14689       5521        10712       3658        19891       0           0        34580    724     [4/4]       6747     22952 4357  17757 17606 
17:15:07 5677     15060    10978    3770     0     0     0     0     0       0       15060       5677        10978       3770        20425       0           0        35485    905     [4/4]       6708     24958 6972  13889 17883 
17:15:08 5963     15804    11629    3983     0     0     0     0     0       0       15804       5963        11629       3983        21575       0           0        37379    1894    [4/4]       6491     2952  1142  3826  1788  
17:15:09 6104     16156    11905    4067     0     0     0     0     0       0       16156       6104        11905       4067        22076       0           0        38232    853     [4/4]       6461     23745 6932  28773 15952 
17:15:10 6194     16354    12070    4122     0     0     0     0     0       0       16354       6194        12070       4122        22386       0           0        38740    508     [4/4]       6497     2286  312   1749  2418  
17:15:11 6279     16575    12259    4181     0     0     0     0     0       0       16575       6279        12259       4181        22719       0           0        39294    554     [4/4]       6528     11831 449   7799  483   
17:15:12 6386     16842    12463    4240     0     0     0     0     0       0       16842       6386        12463       4240        23089       0           0        39931    637     [4/4]       6540     11817 9238  27189 2120  
17:15:13 6456     17092    12619    4307     0     0     0     0     0       0       17092       6456        12619       4307        23382       0           0        40474    543     [4/4]       6571     3862  10996 568   1741  
17:15:14 6562     17365    12831    4370     0     0     0     0     0       0       17365       6562        12831       4370        23763       0           0        41128    654     [4/4]       6581     3103  316   422   1974  
17:15:15 6658     17603    13026    4445     0     0     0     0     0       0       17603       6658        13026       4445        24129       0           0        41732    604     [4/4]       6596     2093  328   2190  1698  
17:15:16 6761     17887    13217    4513     0     0     0     0     0       0       17887       6762        13217       4513        24492       0           0        42378    646     [4/4]       6611     16682 5518  5962  14447 
17:15:17 6833     18046    13348    4554     0     0     0     0     0       0       18046       6833        13348       4554        24735       0           0        42781    505     [4/4]       6642     16561 8247  5936  13541 
17:15:18 6833     18065    13388    4540     0     0     0     0     0       0       18065       6833        13388       4540        24761       0           0        42826    655     [4/4]       6656     17843 12894 5021  24997 
17:15:19 6805     17972    13343    4504     0     0     0     0     0       0       17972       6805        13344       4504        24653       0           0        42624    582     [4/4]       6670     15127 5939  17971 28947 
17:15:20 6770     17939    13353    4489     0     0     0     0     0       0       17939       6770        13353       4489        24612       0           0        42551    564     [4/4]       6693     37875 7799  24363 9852  
17:15:21 6753     17845    13351    4486     0     0     0     0     0       0       17845       6753        13351       4486        24590       0           0        42435    651     [4/4]       6698     11942 7808  32759 19027 
17:15:22 6669     17701    13215    4445     0     0     0     0     0       0       17701       6669        13215       4445        24329       0           0        42030    721     [4/4]       6697     22020 10968 20063 19718 
17:15:23 6676     17657    13225    4431     0     0     0     0     0       0       17657       6676        13225       4431        24332       0           0        41989    579     [4/4]       6712     26194 7115  23975 19699 
17:15:24 6631     17491    13118    4399     0     0     0     0     0       0       17491       6631        13118       4399        24148       0           0        41639    815     [4/4]       6695     23735 6041  21970 14690 
17:15:25 6618     17423    13084    4380     0     0     0     0     0       0       17423       6618        13084       4380        24082       0           0        41505    444     [4/4]       6726     29820 6145  25102 36428 
17:15:26 6598     17338    13037    4367     0     0     0     0     0       0       17338       6598        13037       4367        24002       0           0        41340    520     [4/4]       6748     20938 8946  20948 9725  
17:15:27 6557     17305    13024    4342     0     0     0     0     0       0       17305       6557        13024       4342        23923       0           0        41228    465     [4/4]       6780     19805 10752 21204 27657 
17:15:28 6549     17259    12976    4353     0     0     0     0     0       0       17259       6549        12976       4353        23878       0           0        41137    478     [4/4]       6811     16972 4033  20050 25739 
17:15:29 6588     17250    13035    4371     0     0     0     0     0       0       17250       6588        13035       4371        23994       0           0        41244    790     [4/4]       6796     18811 495   18866 15052 
17:15:30 6512     17090    12900    4323     0     0     0     0     0       0       17090       6512        12900       4323        23735       0           0        40825    673     [4/4]       6800     32037 10046 33367 37138 
17:15:31 6546     17155    12959    4337     0     0     0     0     0       0       17155       6546        12959       4337        23842       0           0        40997    744     [4/4]       6794     28883 6850  7294  21944 
17:15:32 6482     16956    12808    4281     0     0     0     0     0       0       16956       6482        12808       4281        23571       0           0        40527    546     [4/4]       6813     26945 11009 15929 23704 
17:15:33 6467     16942    12800    4282     0     0     0     0     0       0       16942       6467        12800       4282        23549       0           0        40491    643     [4/4]       6823     29240 2492  26804 14133 
17:15:34 6417     16804    12702    4265     0     0     0     0     0       0       16804       6417        12703       4265        23385       0           0        40188    453     [4/4]       6857     26806 8890  9062  14741 
17:15:35 6379     16688    12617    4236     0     0     0     0     0       0       16688       6378        12617       4236        23231       0           0        39920    628     [4/4]       6865     19874 6049  24047 19827 
17:15:36 6396     16689    12636    4231     0     0     0     0     0       0       16689       6396        12636       4231        23263       0           0        39952    714     [4/4]       6863     15001 7063  20973 16671 
17:15:37 6371     16678    12556    4213     0     0     0     0     0       0       16678       6372        12556       4213        23141       0           0        39818    639     [4/4]       6868     25991 1948  26065 14101 
17:15:38 6350     16537    12480    4192     0     0     0     0     0       0       16537       6350        12480       4192        23022       0           0        39559    472     [4/4]       6890     17883 322   28886 22602 
17:15:39 6312     16444    12455    4169     0     0     0     0     0       0       16444       6312        12456       4169        22937       0           0        39380    593     [4/4]       6903     2157  285   1609  2037  
17:15:40 6344     16438    12485    4182     0     0     0     0     0       0       16438       6344        12485       4182        23011       0           0        39449    758     [4/4]       6893     22035 9946  19729 22814 
17:15:41 6342     16360    12448    4188     0     0     0     0     0       0       16360       6342        12448       4188        22978       0           0        39338    537     [4/4]       6908     3384  425   886   2599  
17:15:42 6514     16807    12778    4292     0     0     0     0     0       0       16807       6514        12778       4292        23584       0           0        40391    1760    [4/4]       6788     12093 656   24513 1024  
17:15:43 6512     16785    12763    4284     0     0     0     0     0       0       16785       6512        12763       4284        23559       0           0        40344    554     [4/4]       6804     12969 7278  26670 12899 
17:15:44 6534     16807    12820    4288     0     0     0     0     0       0       16807       6534        12820       4288        23642       0           0        40449    646     [4/4]       6808     17325 5366  8930  2532  
17:15:45 6561     16872    12879    4289     0     0     0     0     0       0       16872       6561        12879       4289        23729       0           0        40601    806     [4/4]       6797     23812 5287  23840 8291  
17:15:46 6553     16873    12841    4271     0     0     0     0     0       0       16872       6553        12841       4271        23665       0           0        40538    620     [4/4]       6805     19895 10962 15942 13207 
17:15:47 6402     16551    12608    4195     0     0     0     0     0       0       16551       6402        12608       4195        23205       0           0        39756    505     [4/4]       6826     33832 5079  27049 15775 
17:15:48 6384     16454    12544    4185     0     0     0     0     0       0       16454       6384        12544       4185        23113       0           0        39567    454     [4/4]       6851     29795 5249  21871 11116 
17:15:49 6316     16278    12462    4155     0     0     0     0     0       0       16278       6316        12462       4155        22933       0           0        39211    419     [4/4]       6880     23955 8671  21615 10106 
17:15:50 6282     16230    12449    4157     0     0     0     0     0       0       16230       6282        12449       4157        22888       0           0        39118    479     [4/4]       6905     27856 5946  8203  9715  
17:15:51 6267     16218    12415    4170     0     0     0     0     0       0       16218       6267        12415       4170        22852       0           0        39070    542     [4/4]       6924     21846 5260  17916 6372  
17:15:52 6243     16175    12404    4157     0     0     0     0     0       0       16175       6243        12404       4157        22804       0           0        38979    519     [4/4]       6945     23799 6106  17082 22990 
17:15:53 6195     15992    12303    4104     0     0     0     0     0       0       15992       6195        12303       4104        22602       0           0        38594    427     [4/4]       6968     25303 2780  4660  7127  
17:15:54 6184     15950    12290    4092     0     0     0     0     0       0       15950       6184        12290       4092        22566       0           0        38516    425     [4/4]       6997     26752 5958  8787  8506  
17:15:55 6136     15818    12171    4044     0     0     0     0     0       0       15818       6136        12171       4044        22351       0           0        38169    277     [4/4]       7040     73769 2012  28704 34608 
17:15:56 6118     15782    12167    4036     0     0     0     0     0       0       15782       6118        12167       4036        22321       0           0        38103    448     [4/4]       7070     28704 10643 26064 29967 
17:15:57 6094     15773    12150    4064     0     0     0     0     0       0       15773       6094        12150       4064        22308       0           0        38081    541     [4/4]       7089     22054 1758  55477 10239 
17:15:58 6079     15769    12093    4046     0     0     0     0     0       0       15769       6079        12093       4046        22218       0           0        37987    523     [4/4]       7105     19010 6054  25170 4805  
17:15:59 6050     15739    12083    4016     0     0     0     0     0       0       15739       6050        12083       4016        22149       0           0        37888    469     [4/4]       7125     2309  359   2863  2225  
17:16:00 6031     15670    12051    3993     0     0     0     0     0       0       15670       6031        12051       3993        22075       0           0        37745    432     [4/4]       7149     75796 5792  38495 8094  
17:16:01 5996     15541    11935    3963     0     0     0     0     0       0       15542       5996        11935       3963        21894       0           0        37435    342     [4/4]       7186     18868 7429  13680 6573  
17:16:02 5971     15482    11937    3953     0     0     0     0     0       0       15482       5971        11937       3953        21861       0           0        37343    535     [4/4]       7198     2683  280   1439  2336  
17:16:03 5930     15397    11861    3914     0     0     0     0     0       0       15397       5930        11861       3914        21705       0           0        37102    356     [4/4]       7231     11764 3026  12682 12133 
17:16:04 5889     15265    11735    3887     0     0     0     0     0       0       15265       5889        11735       3887        21511       0           0        36776    412     [4/4]       7261     16986 7291  22891 3106  
17:16:05 5897     15240    11721    3879     0     0     0     0     0       0       15240       5897        11721       3879        21497       0           0        36737    555     [4/4]       7269     31015 10086 8456  19449 
17:16:06 5856     15112    11636    3844     0     0     0     0     0       0       15112       5856        11636       3844        21336       0           0        36448    435     [4/4]       7293     24791 2672  18886 11857 
17:16:07 5775     15025    11557    3801     0     0     0     0     0       0       15025       5775        11557       3801        21133       0           0        36158    615     [4/4]       7302     18424 7460  12650 26199 
17:16:08 5578     14509    11102    3646     0     0     0     0     0       0       14509       5578        11102       3646        20326       0           0        34835    571     [4/4]       7311     19466 5177  18985 10081 
17:16:09 5553     14458    11038    3641     0     0     0     0     0       0       14458       5553        11038       3641        20232       0           0        34690    708     [4/4]       7306     19792 4157  13844 11989 
17:16:10 5543     14503    11042    3645     0     0     0     0     0       0       14503       5543        11042       3645        20230       0           0        34733    551     [4/4]       7318     28929 1007  17970 23034 
17:16:11 5543     14442    10998    3628     0     0     0     0     0       0       14442       5543        10998       3628        20169       0           0        34611    432     [4/4]       7339     23165 8145  25059 36892 
17:16:12 5542     14467    10985    3636     0     0     0     0     0       0       14467       5542        10985       3636        20163       0           0        34630    656     [4/4]       7341     13219 4912  14668 15870 
17:16:13 5556     14433    10990    3629     0     0     0     0     0       0       14433       5556        10990       3629        20175       0           0        34608    521     [4/4]       7353     25955 6864  26862 27156 
17:16:14 5538     14401    10956    3628     0     0     0     0     0       0       14401       5538        10956       3628        20122       0           0        34523    569     [4/4]       7363     26140 5930  9951  2794  
17:16:15 5552     14389    10940    3612     0     0     0     0     0       0       14389       5552        10940       3612        20104       0           0        34493    574     [4/4]       7368     13234 2657  24916 5001  
17:16:16 5547     14365    10910    3614     0     0     0     0     0       0       14365       5546        10910       3614        20070       0           0        34436    589     [4/4]       7373     29951 1968  17663 38296 
17:16:17 5567     14404    10937    3655     0     0     0     0     0       0       14404       5567        10937       3655        20159       0           0        34563    632     [4/4]       7372     28821 7505  9030  24133 
17:16:18 5608     14496    10981    3688     0     0     0     0     0       0       14496       5608        10981       3688        20277       0           0        34773    865     [4/4]       7355     46909 469   43817 20556 
17:16:19 5643     14574    11038    3705     0     0     0     0     0       0       14574       5643        11037       3705        20385       0           0        34960    769     [4/4]       7344     28489 11009 15950 28750 
17:16:20 5643     14526    11021    3706     0     0     0     0     0       0       14526       5643        11021       3706        20370       0           0        34896    500     [4/4]       7357     24039 4934  9809  20020 
17:16:21 5595     14401    10893    3655     0     0     0     0     0       0       14401       5595        10893       3655        20143       0           0        34544    299     [4/4]       7393     3078  305   471   14264 
17:16:22 5586     14301    10816    3631     0     0     0     0     0       0       14301       5586        10816       3631        20033       0           0        34334    511     [4/4]       7407     21989 289   15281 397   
17:16:23 5560     14265    10780    3618     0     0     0     0     0       0       14265       5560        10780       3618        19958       0           0        34223    468     [4/4]       7424     20660 7245  16891 23788 
17:16:24 5503     14210    10707    3595     0     0     0     0     0       0       14210       5503        10707       3595        19805       0           0        34015    607     [4/4]       7427     2964  3097  7207  393   
17:16:25 5480     14226    10668    3586     0     0     0     0     0       0       14226       5480        10668       3586        19734       0           0        33960    389     [4/4]       7454     24250 6604  24780 8820  
17:16:26 5488     14193    10656    3582     0     0     0     0     0       0       14193       5488        10656       3582        19726       0           0        33919    479     [4/4]       7470     18899 1317  19004 9811  
17:16:27 5500     14222    10664    3583     0     0     0     0     0       0       14222       5500        10664       3583        19747       0           0        33969    515     [4/4]       7483     22172 5063  11458 18043 
17:16:28 5495     14270    10695    3570     0     0     0     0     0       0       14270       5495        10695       3570        19760       0           0        34030    539     [4/4]       7492     21978 5142  5779  20350 
17:16:29 5436     14121    10562    3511     0     0     0     0     0       0       14122       5436        10562       3511        19509       0           0        33630    390     [4/4]       7515     35099 7289  40859 36018 
17:16:30 5375     14002    10451    3480     0     0     0     0     0       0       14002       5375        10451       3480        19306       0           0        33308    351     [4/4]       7542     32012 7986  9983  28797 
17:16:31 5326     13898    10350    3452     0     0     0     0     0       0       13898       5326        10350       3452        19128       0           0        33026    462     [4/4]       7561     13937 6927  13749 13986 
17:16:32 5294     13811    10322    3433     0     0     0     0     0       0       13811       5294        10322       3433        19049       0           0        32860    380     [4/4]       7583     68990 6082  55807 74804 
17:16:33 5278     13726    10229    3410     0     0     0     0     0       0       13726       5278        10229       3410        18917       0           0        32643    426     [4/4]       7600     28121 4898  27791 29420 
17:16:34 5262     13656    10176    3390     0     0     0     0     0       0       13656       5262        10175       3390        18827       0           0        32484    294     [4/4]       7628     21866 4151  20216 11746 
17:16:35 5235     13585    10166    3379     0     0     0     0     0       0       13585       5235        10166       3379        18780       0           0        32365    509     [4/4]       7639     24173 1955  15940 8597  
17:16:36 5194     13484    10076    3351     0     0     0     0     0       0       13484       5194        10077       3351        18622       0           0        32105    454     [4/4]       7655     19845 2292  8047  18860 
17:16:37 5156     13368    10034    3323     0     0     0     0     0       0       13368       5155        10034       3323        18512       0           0        31881    415     [4/4]       7674     28834 3965  20890 22244 
17:16:38 5159     13363    10019    3316     0     0     0     0     0       0       13363       5159        10019       3316        18494       0           0        31857    448     [4/4]       7687     18992 6986  11016 15733 
17:16:39 5149     13326    9992     3311     0     0     0     0     0       0       13326       5149        9991        3311        18451       0           0        31778    514     [4/4]       7697     28077 12553 36975 36852 
17:16:40 5100     13225    9851     3280     0     0     0     0     0       0       13225       5100        9851        3280        18231       0           0        31456    436     [4/4]       7719     36832 7570  21957 20429 
17:16:41 5034     13107    9741     3242     0     0     0     0     0       0       13107       5034        9741        3242        18017       0           0        31124    205     [4/4]       7757     33846 8155  31905 23713 
17:16:42 4864     12690    9389     3149     0     0     0     0     0       0       12690       4864        9389        3149        17402       0           0        30092    728     [4/4]       7751     2328  311   2520  3911  
17:16:43 4818     12593    9360     3117     0     0     0     0     0       0       12593       4818        9360        3117        17295       0           0        29888    350     [4/4]       7775     15330 6941  19842 4194  
17:16:44 4802     12578    9321     3116     0     0     0     0     0       0       12578       4802        9321        3116        17239       0           0        29817    575     [4/4]       7779     2715  296   406   494   
17:16:45 4760     12453    9242     3108     0     0     0     0     0       0       12453       4760        9242        3108        17110       0           0        29563    552     [4/4]       7782     32837 7047  7619  11447 
17:16:46 4719     12341    9183     3107     0     0     0     0     0       0       12341       4719        9183        3107        17009       0           0        29350    407     [4/4]       7802     21351 9192  18949 9660  
17:16:47 4716     12325    9182     3100     0     0     0     0     0       0       12325       4716        9182        3100        16998       0           0        29323    478     [4/4]       7813     19616 10974 575   31689 
17:16:48 4727     12372    9186     3103     0     0     0     0     0       0       12372       4727        9186        3103        17016       0           0        29388    519     [4/4]       7823     7201  5732  16113 15914 
17:16:49 4723     12357    9155     3097     0     0     0     0     0       0       12357       4723        9155        3097        16975       0           0        29332    363     [4/4]       7843     20937 11088 11091 9906  
17:16:50 4716     12298    9145     3076     0     0     0     0     0       0       12298       4716        9145        3076        16937       0           0        29235    382     [4/4]       7863     19654 4058  16214 20261 
17:16:51 4719     12319    9146     3052     0     0     0     0     0       0       12319       4719        9146        3052        16917       0           0        29236    543     [4/4]       7871     28239 1711  16867 8759  
17:16:52 4702     12234    9097     3044     0     0     0     0     0       0       12234       4702        9097        3044        16843       0           0        29077    360     [4/4]       7894     38742 8868  16801 25854 
17:16:53 4705     12257    9088     3057     0     0     0     0     0       0       12257       4705        9088        3057        16850       0           0        29107    457     [4/4]       7905     13845 9022  26143 13865 
17:16:54 4704     12308    9088     3048     0     0     0     0     0       0       12308       4704        9088        3048        16840       0           0        29148    466     [4/4]       7917     17285 369   18899 15480 
17:16:55 4721     12390    9142     3092     0     0     0     0     0       0       12390       4721        9142        3092        16955       0           0        29345    474     [4/4]       7929     21957 4059  24212 33096 
17:16:56 4710     12350    9117     3088     0     0     0     0     0       0       12350       4710        9117        3088        16915       0           0        29265    368     [4/4]       7949     34046 2941  23060 33668 
17:16:57 4697     12278    9074     3061     0     0     0     0     0       0       12278       4697        9074        3061        16832       0           0        29110    386     [4/4]       7969     30220 1725  25895 12996 
17:16:58 4686     12217    9073     3068     0     0     0     0     0       0       12217       4686        9074        3068        16828       0           0        29044    457     [4/4]       7981     31769 845   12299 18011 
17:16:59 4691     12179    9043     3082     0     0     0     0     0       0       12179       4691        9043        3082        16816       0           0        28995    420     [4/4]       7994     33947 7981  9199  12153 
17:17:00 4695     12213    9040     3091     0     0     0     0     0       0       12213       4695        9040        3091        16826       0           0        29039    476     [4/4]       8003     17117 13071 22026 13958 
17:17:01 4715     12290    9114     3107     0     0     0     0     0       0       12289       4715        9114        3107        16936       0           0        29226    529     [4/4]       8010     11515 1217  1176  6312  
17:17:02 4709     12239    9064     3105     0     0     0     0     0       0       12239       4709        9064        3105        16878       0           0        29117    426     [4/4]       8023     3352  504   3799  7686  
17:17:03 4767     12368    9167     3140     0     0     0     0     0       0       12368       4767        9167        3140        17074       0           0        29442    681     [4/4]       8016     2698  764   1631  13012 
17:17:04 4771     12357    9179     3158     0     0     0     0     0       0       12357       4771        9179        3158        17108       0           0        29465    435     [4/4]       8029     1980  372   17645 13066 
17:17:05 4747     12329    9161     3144     0     0     0     0     0       0       12330       4747        9161        3144        17052       0           0        29381    471     [4/4]       8044     25631 10620 8437  10243 
17:17:06 4773     12342    9162     3143     0     0     0     0     0       0       12342       4773        9162        3143        17078       0           0        29420    474     [4/4]       8052     4176  318   391   4714  
17:17:07 4851     12534    9333     3192     0     0     0     0     0       0       12534       4851        9333        3192        17376       0           0        29910    1105    [4/4]       8013     20317 5075  14862 8844  
17:17:08 4851     12535    9320     3187     0     0     0     0     0       0       12535       4851        9320        3187        17358       0           0        29893    554     [4/4]       8016     2271  304   1192  1462  
17:17:09 4898     12631    9398     3207     0     0     0     0     0       0       12631       4898        9398        3207        17503       0           0        30134    949     [4/4]       7987     19724 10104 16895 24044 
17:17:10 4900     12610    9421     3220     0     0     0     0     0       0       12610       4900        9421        3220        17541       0           0        30151    568     [4/4]       7990     25165 7999  11973 33742 
17:17:11 4880     12630    9416     3224     0     0     0     0     0       0       12630       4880        9416        3224        17520       0           0        30150    431     [4/4]       8001     27192 6171  20131 13583 
17:17:12 4922     12742    9530     3253     0     0     0     0     0       0       12742       4922        9530        3253        17705       0           0        30447    953     [4/4]       7975     15809 2469  16874 5625  
17:17:13 4978     12910    9653     3278     0     0     0     0     0       0       12910       4978        9653        3278        17909       0           0        30819    893     [4/4]       7954     23206 4964  18719 19898 
17:17:14 4974     12872    9627     3281     0     0     0     0     0       0       12872       4974        9627        3281        17882       0           0        30754    504     [4/4]       7963     25160 7056  5039  2971  
17:17:15 4946     12894    9641     3290     0     0     0     0     0       0       12894       4946        9641        3290        17877       0           0        30771    591     [4/4]       7963     20964 3010  16009 27879 
17:17:16 4913     12811    9621     3273     0     0     0     0     0       0       12811       4913        9621        3273        17807       0           0        30618    436     [4/4]       7975     29931 8086  33062 32740 
17:17:17 4877     12795    9592     3238     0     0     0     0     0       0       12795       4877        9592        3238        17707       0           0        30502    516     [4/4]       7982     25700 7956  20873 26730 
17:17:18 4808     12597    9475     3194     0     0     0     0     0       0       12597       4808        9475        3194        17477       0           0        30074    437     [4/4]       7993     20964 10077 22834 21481 
17:17:19 4842     12664    9533     3221     0     0     0     0     0       0       12664       4842        9533        3221        17596       0           0        30260    955     [4/4]       7965     28870 9234  12911 28860 
17:17:20 4843     12673    9485     3213     0     0     0     0     0       0       12673       4843        9485        3213        17541       0           0        30214    454     [4/4]       7980     30976 7981  26772 29873 
17:17:21 4866     12799    9588     3227     0     0     0     0     0       0       12799       4866        9588        3227        17681       0           0        30480    565     [4/4]       7982     14991 6565  24397 37837 
17:17:22 4960     13040    9788     3275     0     0     0     0     0       0       13040       4960        9788        3275        18023       0           0        31063    1094    [4/4]       7946     2668  573   9259  2347  
17:17:23 5009     13151    9860     3321     0     0     0     0     0       0       13151       5009        9860        3321        18190       0           0        31341    746     [4/4]       7933     4236  984   1866  2707  
17:17:24 5014     13117    9847     3309     0     0     0     0     0       0       13117       5014        9847        3309        18170       0           0        31287    553     [4/4]       7937     16066 6244  9885  25165 
17:17:25 5041     13146    9865     3328     0     0     0     0     0       0       13146       5041        9865        3328        18234       0           0        31380    482     [4/4]       7946     21916 6966  7768  16044 
17:17:26 5025     13156    9880     3317     0     0     0     0     0       0       13156       5025        9880        3317        18222       0           0        31378    477     [4/4]       7955     15762 1144  14763 10854 
17:17:27 5036     13178    9886     3321     0     0     0     0     0       0       13178       5036        9886        3321        18243       0           0        31421    558     [4/4]       7958     30875 6678  26741 33801 
17:17:28 5022     13112    9839     3319     0     0     0     0     0       0       13112       5022        9839        3319        18180       0           0        31292    410     [4/4]       7971     12678 1755  8969  24770 
17:17:29 5033     13196    9893     3342     0     0     0     0     0       0       13195       5033        9893        3342        18268       0           0        31464    562     [4/4]       7976     73909 1033  42831 20802 
17:17:30 5034     13226    9891     3361     0     0     0     0     0       0       13226       5034        9891        3361        18286       0           0        31512    399     [4/4]       7991     42725 5773  18839 10817 
17:17:31 4995     13125    9838     3337     0     0     0     0     0       0       13125       4995        9838        3337        18170       0           0        31295    245     [4/4]       8017     1190681212  13633 27467 
17:17:32 4993     13119    9775     3329     0     0     0     0     0       0       13119       4993        9775        3329        18097       0           0        31216    301     [4/4]       8040     29162 5200  13048 6968  
17:17:33 4993     13115    9789     3335     0     0     0     0     0       0       13115       4993        9789        3335        18117       0           0        31232    442     [4/4]       8052     49974 10905 31952 10106 
17:17:34 5028     13208    9852     3363     0     0     0     0     0       0       13208       5028        9852        3363        18243       0           0        31451    513     [4/4]       8055     36969 5286  16966 34597 
17:17:35 5034     13222    9840     3359     0     0     0     0     0       0       13222       5034        9841        3359        18234       0           0        31455    513     [4/4]       8063     31957 10062 18696 11763 
17:17:36 4991     13182    9815     3353     0     0     0     0     0       0       13182       4991        9814        3353        18158       0           0        31341    340     [4/4]       8080     21907 2452  10461 23035 
17:17:37 5014     13202    9845     3365     0     0     0     0     0       0       13202       5014        9845        3365        18224       0           0        31426    500     [4/4]       8087     39577 5914  34740 11182 
17:17:38 5022     13217    9824     3360     0     0     0     0     0       0       13217       5022        9824        3360        18206       0           0        31423    445     [4/4]       8098     30876 4898  29413 14785 
17:17:39 5014     13222    9803     3356     0     0     0     0     0       0       13222       5014        9803        3356        18173       0           0        31395    486     [4/4]       8103     30968 5966  13869 31967 
17:17:40 5026     13263    9888     3374     0     0     0     0     0       0       13263       5026        9888        3374        18288       0           0        31551    592     [4/4]       8103     3573  668   9561  16012 
17:17:41 5063     13345    9968     3396     0     0     0     0     0       0       13345       5063        9968        3396        18427       0           0        31772    426     [4/4]       8113     2297  402   648   3587  
17:17:42 5025     13240    9910     3359     0     0     0     0     0       0       13240       5025        9910        3359        18294       0           0        31534    490     [4/4]       8121     14867 5137  8874  14732 
17:17:43 5056     13326    9968     3379     0     0     0     0     0       0       13326       5056        9968        3379        18403       0           0        31729    545     [4/4]       8124     21967 2073  19452 19524 
17:17:44 5042     13235    9906     3344     0     0     0     0     0       0       13235       5042        9907        3344        18293       0           0        31527    373     [4/4]       8138     17119 13022 29793 12629 
17:17:45 5056     13263    9910     3345     0     0     0     0     0       0       13263       5056        9910        3345        18311       0           0        31574    599     [4/4]       8138     29781 1019  29726 11876 
17:17:46 5073     13304    9925     3341     0     0     0     0     0       0       13304       5073        9925        3341        18339       0           0        31643    476     [4/4]       8143     17856 8254  35878 27164 
17:17:47 5050     13303    9905     3350     0     0     0     0     0       0       13303       5050        9905        3350        18305       0           0        31608    443     [4/4]       8155     20920 8915  24897 28829 
17:17:48 5069     13330    9985     3357     0     0     0     0     0       0       13330       5069        9985        3357        18411       0           0        31741    652     [4/4]       8150     18672 1984  21140 53960 
17:17:49 5082     13419    10026    3370     0     0     0     0     0       0       13419       5082        10026       3370        18478       0           0        31897    519     [4/4]       8155     20055 432   33917 30079 
17:17:50 5100     13421    10051    3367     0     0     0     0     0       0       13421       5100        10051       3367        18518       0           0        31939    424     [4/4]       8163     22965 10650 17940 35009 
17:17:51 5145     13437    10089    3385     0     0     0     0     0       0       13437       5145        10089       3385        18619       0           0        32056    660     [4/4]       8155     26395 6019  11984 3732  
17:17:52 5263     13669    10309    3435     0     0     0     0     0       0       13669       5263        10309       3435        19007       0           0        32676    980     [4/4]       8128     19216 7550  8013  25948 
17:17:53 5263     13737    10342    3453     0     0     0     0     0       0       13737       5263        10342       3453        19058       0           0        32795    576     [4/4]       8129     18855 2033  14105 16854 
17:17:54 5269     13736    10344    3463     0     0     0     0     0       0       13736       5269        10344       3463        19076       0           0        32812    483     [4/4]       8136     24731 9021  19575 7713  
17:17:55 5300     13814    10384    3456     0     0     0     0     0       0       13814       5300        10384       3456        19140       0           0        32954    616     [4/4]       8137     23779 9292  15867 25920 
17:17:56 5351     13951    10467    3490     0     0     0     0     0       0       13951       5351        10467       3490        19308       0           0        33259    673     [4/4]       8130     15061 6055  26944 12053 
17:17:57 5366     14001    10486    3496     0     0     0     0     0       0       14001       5366        10486       3496        19348       0           0        33349    476     [4/4]       8137     30968 10986 19961 23988 
17:17:58 5367     13995    10466    3469     0     0     0     0     0       0       13995       5367        10465       3469        19301       0           0        33297    405     [4/4]       8149     2918  274   385   415   
17:17:59 5357     14022    10447    3455     0     0     0     0     0       0       14022       5357        10447       3455        19259       0           0        33281    404     [4/4]       8162     40679 322   8919  37952 
17:18:00 5336     13966    10420    3435     0     0     0     0     0       0       13966       5336        10420       3435        19191       0           0        33157    352     [4/4]       8176     2210  301   394   2369  
17:18:01 5338     13982    10436    3448     0     0     0     0     0       0       13982       5338        10436       3448        19222       0           0        33204    576     [4/4]       8177     2280  340   517   2081  
17:18:02 5357     14062    10516    3456     0     0     0     0     0       0       14062       5357        10516       3456        19329       0           0        33391    613     [4/4]       8175     2341  928   4343  2920  
17:18:03 5341     13979    10449    3434     0     0     0     0     0       0       13979       5341        10449       3434        19224       0           0        33203    493     [4/4]       8180     2201  7166  2762  17978 
17:18:04 5372     14076    10526    3458     0     0     0     0     0       0       14076       5372        10526       3458        19356       0           0        33432    664     [4/4]       8174     24837 2885  13262 6934  
17:18:05 5370     14063    10516    3457     0     0     0     0     0       0       14062       5370        10516       3457        19343       0           0        33406    445     [4/4]       8181     17791 6994  12111 9977  
17:18:06 5344     14074    10524    3463     0     0     0     0     0       0       14074       5344        10524       3463        19331       0           0        33405    473     [4/4]       8189     30324 3046  26813 38968 
17:18:07 5266     13805    10302    3386     0     0     0     0     0       0       13805       5266        10302       3386        18954       0           0        32759    459     [4/4]       8196     23801 8182  11139 20661 
17:18:08 5239     13770    10292    3392     0     0     0     0     0       0       13770       5239        10292       3392        18923       0           0        32693    488     [4/4]       8203     17488 9597  28830 20868 
17:18:09 5178     13651    10219    3358     0     0     0     0     0       0       13651       5178        10219       3358        18755       0           0        32406    662     [4/4]       8199     3438  529   3262  1129  
17:18:10 5314     14099    10492    3453     0     0     0     0     0       0       14099       5314        10492       3453        19259       0           0        33358    1520    [4/4]       8146     20826 4188  21873 17767 
17:18:11 5324     14114    10519    3461     0     0     0     0     0       0       14114       5324        10519       3461        19304       0           0        33418    491     [4/4]       8152     51786 4068  11880 61429 
17:18:12 5229     13850    10322    3408     0     0     0     0     0       0       13850       5229        10322       3408        18959       0           0        32809    344     [4/4]       8167     38851 1964  26953 14966 
17:18:13 5187     13733    10270    3387     0     0     0     0     0       0       13733       5187        10270       3387        18844       0           0        32577    661     [4/4]       8162     19907 1029  9988  17979 
17:18:14 5181     13704    10247    3382     0     0     0     0     0       0       13704       5181        10247       3382        18810       0           0        32514    441     [4/4]       8171     19994 7498  5914  14969 
17:18:15 5184     13643    10184    3374     0     0     0     0     0       0       13643       5184        10184       3374        18742       0           0        32385    462     [4/4]       8178     14953 5333  20786 13934 
17:18:16 5239     13774    10283    3398     0     0     0     0     0       0       13774       5239        10283       3398        18920       0           0        32694    745     [4/4]       8169     23975 9882  20863 15231 
17:18:17 5251     13779    10281    3392     0     0     0     0     0       0       13779       5251        10281       3392        18924       0           0        32703    525     [4/4]       8172     2081  296   394   402   
17:18:18 5271     13804    10303    3393     0     0     0     0     0       0       13804       5271        10303       3393        18967       0           0        32771    505     [4/4]       8175     15502 6080  18912 14005 
17:18:19 5190     13600    10156    3342     0     0     0     0     0       0       13600       5190        10156       3342        18688       0           0        32288    472     [4/4]       8182     2452  360   2308  2416  
17:18:20 5214     13627    10223    3363     0     0     0     0     0       0       13627       5214        10223       3363        18800       0           0        32427    593     [4/4]       8180     18959 5023  20065 10005 
17:18:21 5244     13614    10230    3378     0     0     0     0     0       0       13614       5244        10230       3378        18852       0           0        32466    604     [4/4]       8177     26675 10091 10089 14976 
17:18:22 5134     13413    10063    3335     0     0     0     0     0       0       13413       5134        10063       3335        18532       0           0        31945    573     [4/4]       8178     20968 10182 10966 13871 
17:18:23 5092     13324    9990     3303     0     0     0     0     0       0       13324       5092        9990        3303        18385       0           0        31709    510     [4/4]       8182     20059 790   15799 10660 
17:18:24 5113     13397    10061    3335     0     0     0     0     0       0       13397       5113        10061       3335        18509       0           0        31906    750     [4/4]       8172     3526  990   419   549   
17:18:25 5268     13792    10348    3420     0     0     0     0     0       0       13792       5268        10348       3420        19036       0           0        32828    1404    [4/4]       8125     17862 6994  8981  19601 
17:18:26 5269     13790    10328    3430     0     0     0     0     0       0       13790       5269        10328       3430        19027       0           0        32817    466     [4/4]       8132     19864 10750 25060 25835 
17:18:27 5262     13766    10321    3426     0     0     0     0     0       0       13766       5262        10321       3426        19009       0           0        32775    516     [4/4]       8135     17843 332   426   445   
17:18:28 5276     13790    10343    3436     0     0     0     0     0       0       13790       5276        10343       3436        19055       0           0        32845    480     [4/4]       8139     35597 11005 20214 16041 
17:18:29 5291     13734    10283    3428     0     0     0     0     0       0       13734       5291        10283       3428        19002       0           0        32736    453     [4/4]       8146     25941 7113  8091  20733 
17:18:30 5313     13788    10350    3449     0     0     0     0     0       0       13788       5313        10350       3449        19112       0           0        32900    563     [4/4]       8146     13860 968   11956 16387 
17:18:31 5350     13852    10427    3468     0     0     0     0     0       0       13852       5350        10427       3468        19245       0           0        33097    442     [4/4]       8153     21070 4210  20003 13989 
17:18:32 5394     13957    10520    3499     0     0     0     0     0       0       13957       5394        10520       3499        19413       0           0        33370    574     [4/4]       8155     20153 8083  26980 13028 
17:18:33 5392     13954    10539    3496     0     0     0     0     0       0       13954       5392        10539       3496        19427       0           0        33381    453     [4/4]       8160     17856 5890  7297  8743  
17:18:34 5381     13946    10530    3512     0     0     0     0     0       0       13946       5381        10530       3512        19423       0           0        33369    501     [4/4]       8164     17993 8947  20140 20780 
17:18:35 5354     13930    10525    3505     0     0     0     0     0       0       13930       5354        10524       3505        19383       0           0        33314    458     [4/4]       8171     28858 9217  24661 17790 
17:18:36 5422     14127    10675    3555     0     0     0     0     0       0       14127       5422        10675       3555        19652       0           0        33779    805     [4/4]       8160     28311 309   5851  21865 
17:18:37 5402     14112    10661    3566     0     0     0     0     0       0       14112       5403        10661       3566        19630       0           0        33741    462     [4/4]       8166     1913  364   1775  2220  
17:18:38 5421     14245    10784    3610     0     0     0     0     0       0       14245       5421        10785       3610        19816       0           0        34060    764     [4/4]       8157     1851  308   1614  1638  
17:18:39 5432     14289    10809    3623     0     0     0     0     0       0       14289       5432        10809       3623        19864       0           0        34153    579     [4/4]       8157     18780 4082  400   5113  
17:18:40 5450     14350    10798    3605     0     0     0     0     0       0       14350       5450        10798       3605        19853       0           0        34203    642     [4/4]       8155     5727  7218  21982 13108 
17:18:41 5492     14451    10868    3623     0     0     0     0     0       0       14451       5492        10868       3623        19983       0           0        34434    657     [4/4]       8149     18961 8188  8757  25065 
17:18:42 5516     14403    10847    3632     0     0     0     0     0       0       14403       5516        10847       3632        19995       0           0        34398    454     [4/4]       8154     24726 8928  17883 7948  
17:18:43 5522     14417    10830    3635     0     0     0     0     0       0       14417       5522        10830       3635        19987       0           0        34404    551     [4/4]       8158     21588 10891 9974  27758 
17:18:44 5553     14531    10933    3685     0     0     0     0     0       0       14531       5553        10932       3685        20170       0           0        34702    671     [4/4]       8153     9605  4766  8957  1309  
17:18:45 5616     14727    11075    3738     0     0     0     0     0       0       14727       5616        11075       3738        20429       0           0        35156    1053    [4/4]       8127     19593 3127  22707 17899 
17:18:46 5599     14796    11101    3747     0     0     0     0     0       0       14796       5599        11101       3747        20447       0           0        35243    563     [4/4]       8130     17848 5044  16004 12806 
17:18:47 5662     14926    11201    3771     0     0     0     0     0       0       14926       5662        11201       3771        20634       0           0        35560    760     [4/4]       8121     31024 386   21893 15840 
17:18:48 5654     14943    11183    3783     0     0     0     0     0       0       14943       5654        11183       3783        20620       0           0        35563    655     [4/4]       8118     20831 2841  20988 8008  
17:18:49 5637     14925    11181    3776     0     0     0     0     0       0       14925       5637        11181       3776        20594       0           0        35519    475     [4/4]       8124     11051 476   619   27934 
17:18:50 5650     14989    11216    3789     0     0     0     0     0       0       14989       5650        11216       3789        20655       0           0        35644    549     [4/4]       8126     13063 5845  9762  16942 
17:18:51 5633     15009    11235    3794     0     0     0     0     0       0       15009       5633        11235       3794        20662       0           0        35671    687     [4/4]       8121     24937 4081  17410 23562 
17:18:52 5587     14985    11199    3783     0     0     0     0     0       0       14986       5587        11199       3783        20569       0           0        35554    863     [4/4]       8108     27065 5306  25872 26932 
17:18:53 5604     15014    11268    3784     0     0     0     0     0       0       15014       5604        11268       3784        20656       0           0        35670    692     [4/4]       8103     36983 6107  14775 20910 
17:18:54 5609     15004    11280    3785     0     0     0     0     0       0       15004       5609        11280       3785        20674       0           0        35678    491     [4/4]       8107     1977  705   1583  7763  
17:18:55 5606     15023    11321    3799     0     0     0     0     0       0       15023       5606        11321       3799        20726       0           0        35749    687     [4/4]       8102     2026  472   600   1968  
17:18:56 5737     15409    11608    3902     0     0     0     0     0       0       15409       5737        11608       3902        21247       0           0        36656    1580    [4/4]       8055     12007 5071  31749 2218  
17:18:57 5720     15418    11616    3890     0     0     0     0     0       0       15418       5720        11616       3890        21226       0           0        36644    464     [4/4]       8063     20106 10991 12219 557   
17:18:58 5711     15432    11641    3913     0     0     0     0     0       0       15432       5711        11641       3913        21265       0           0        36697    458     [4/4]       8070     37096 9376  7942  12811 
17:18:59 5732     15453    11681    3925     0     0     0     0     0       0       15453       5732        11681       3925        21338       0           0        36791    498     [4/4]       8076     1675  307   445   5826  
17:19:00 5827     15664    11844    3963     0     0     0     0     0       0       15664       5827        11844       3963        21634       0           0        37298    859     [4/4]       8063     17355 1479  16928 13917 
17:19:01 5818     15640    11793    3939     0     0     0     0     0       0       15640       5818        11793       3939        21550       0           0        37190    468     [4/4]       8069     2893  760   2417  8397  
17:19:02 5834     15673    11756    3948     0     0     0     0     0       0       15673       5834        11756       3948        21538       0           0        37211    634     [4/4]       8066     8701  329   457   1560  
17:19:03 5851     15741    11822    3972     0     0     0     0     0       0       15741       5851        11822       3972        21645       0           0        37386    668     [4/4]       8061     18875 6688  13152 19759 
17:19:04 5851     15749    11812    3973     0     0     0     0     0       0       15749       5851        11812       3973        21636       0           0        37385    663     [4/4]       8057     20971 6904  17983 17945 
17:19:05 5848     15711    11804    3946     0     0     0     0     0       0       15711       5848        11804       3946        21598       0           0        37309    369     [4/4]       8065     2839  396   1621  587   
17:19:06 5993     15988    12014    4015     0     0     0     0     0       0       15988       5993        12014       4015        22022       0           0        38010    1174    [4/4]       8037     3032  313   402   22063 
17:19:07 5986     16008    12020    4012     0     0     0     0     0       0       16008       5986        12020       4012        22018       0           0        38026    475     [4/4]       8042     8384  363   10917 10316 
17:19:08 6027     16110    12068    4018     0     0     0     0     0       0       16110       6027        12068       4018        22113       0           0        38223    685     [4/4]       8038     18098 6079  19124 18489 
17:19:09 6001     16044    11983    3998     0     0     0     0     0       0       16044       6001        11983       3998        21982       0           0        38026    465     [4/4]       8045     1477  291   5428  3676  
17:19:10 5870     15559    11670    3877     0     0     0     0     0       0       15559       5870        11670       3877        21417       0           0        36976    470     [4/4]       8050     20724 7926  20777 5459  
17:19:11 5869     15545    11641    3883     0     0     0     0     0       0       15545       5869        11641       3883        21393       0           0        36938    453     [4/4]       8055     18290 2320  13629 16479 
17:19:12 5936     15715    11761    3910     0     0     0     0     0       0       15715       5936        11761       3910        21607       0           0        37322    728     [4/4]       8049     17851 5204  9513  16782 
17:19:13 5932     15716    11748    3915     0     0     0     0     0       0       15716       5932        11748       3915        21595       0           0        37311    650     [4/4]       8046     3726  933   1370  4728  
17:19:15 6050     16017    11995    3973     0     0     0     0     0       0       16017       6050        11995       3973        22018       0           0        38035    1165    [4/4]       8020     33898 6881  16884 21954 
17:19:16 6050     16026    12006    3972     0     0     0     0     0       0       16026       6050        12006       3972        22028       0           0        38054    481     [4/4]       8024     36773 413   16321 12898 
17:19:17 6020     15955    11953    3954     0     0     0     0     0       0       15955       6020        11953       3954        21927       0           0        37882    573     [4/4]       8025     26966 9009  9038  9970  
17:19:18 6003     15903    11940    3953     0     0     0     0     0       0       15903       6003        11940       3953        21896       0           0        37799    442     [4/4]       8032     21989 7268  20038 17693 
17:19:19 5993     15916    11951    3951     0     0     0     0     0       0       15916       5993        11951       3951        21895       0           0        37811    517     [4/4]       8035     20939 2943  11243 7831  
17:19:20 6071     16186    12171    4030     0     0     0     0     0       0       16186       6071        12171       4030        22272       0           0        38458    1119    [4/4]       8012     4362  1090  2602  1173  
17:19:21 6150     16395    12281    4084     0     0     0     0     0       0       16395       6150        12281       4084        22515       0           0        38910    1045    [4/4]       7991     23992 7175  18917 27044 
17:19:22 6143     16388    12240    4094     0     0     0     0     0       0       16388       6143        12240       4094        22477       0           0        38865    559     [4/4]       7991     25565 13937 16042 10775 
17:19:23 6145     16317    12234    4072     0     0     0     0     0       0       16317       6145        12234       4072        22451       0           0        38768    476     [4/4]       7995     33060 8232  34873 34005 
17:19:24 6142     16367    12269    4070     0     0     0     0     0       0       16367       6142        12269       4070        22481       0           0        38848    590     [4/4]       7996     14992 5008  19673 7067  
17:19:25 6250     16637    12565    4140     0     0     0     0     0       0       16637       6250        12565       4140        22955       0           0        39592    1494    [4/4]       7958     15842 3941  17142 27916 
17:19:26 6141     16462    12437    4096     0     0     0     0     0       0       16462       6141        12437       4096        22674       0           0        39136    948     [4/4]       7945     19833 6111  9816  19807 
17:19:27 6146     16490    12433    4088     0     0     0     0     0       0       16490       6146        12433       4088        22667       0           0        39157    487     [4/4]       7950     30842 10953 25975 15826 
17:19:28 6141     16452    12413    4087     0     0     0     0     0       0       16452       6141        12413       4087        22641       0           0        39093    452     [4/4]       7954     2233  359   439   428   
17:19:29 6175     16561    12505    4130     0     0     0     0     0       0       16561       6175        12505       4130        22810       0           0        39371    758     [4/4]       7946     3814  318   3212  4216  
17:19:30 6223     16765    12636    4167     0     0     0     0     0       0       16765       6223        12636       4167        23026       0           0        39791    873     [4/4]       7936     1741  593   427   2271  
17:19:31 6233     16849    12690    4182     0     0     0     0     0       0       16849       6233        12690       4182        23105       0           0        39954    726     [4/4]       7932     19741 8119  20256 3996  
17:19:32 6238     16901    12715    4186     0     0     0     0     0       0       16901       6238        12715       4186        23139       0           0        40040    528     [4/4]       7935     16530 6204  16387 16368 
17:19:33 6234     16959    12780    4192     0     0     0     0     0       0       16959       6234        12780       4192        23206       0           0        40165    699     [4/4]       7930     22964 8234  28084 29692 
17:19:34 6252     16991    12801    4202     0     0     0     0     0       0       16991       6252        12801       4202        23255       0           0        40246    534     [4/4]       7934     29812 4938  14725 15812 
17:19:35 6249     17057    12818    4185     0     0     0     0     0       0       17057       6249        12818       4185        23252       0           0        40309    564     [4/4]       7936     22758 5149  19695 14487 
17:19:36 6277     17083    12855    4197     0     0     0     0     0       0       17083       6277        12855       4197        23329       0           0        40412    561     [4/4]       7937     19930 7228  14702 22374 
17:19:37 6334     17184    12943    4238     0     0     0     0     0       0       17184       6334        12943       4238        23515       0           0        40699    1092    [4/4]       7917     3460  660   22163 11005 
17:19:38 6392     17380    13040    4269     0     0     0     0     0       0       17380       6391        13040       4269        23700       0           0        41081    844     [4/4]       7906     19775 5921  21937 21661 
17:19:39 6370     17303    12968    4240     0     0     0     0     0       0       17303       6370        12967       4240        23577       0           0        40881    564     [4/4]       7909     12313 3697  32116 23938 
17:19:40 6381     17307    12970    4239     0     0     0     0     0       0       17307       6381        12970       4239        23590       0           0        40897    595     [4/4]       7908     25938 5083  13744 17193 
17:19:41 6356     17222    12962    4230     0     0     0     0     0       0       17222       6356        12962       4230        23548       0           0        40770    515     [4/4]       7911     21034 5051  16068 8012  
17:19:42 6306     17143    12910    4218     0     0     0     0     0       0       17143       6306        12910       4218        23434       0           0        40577    464     [4/4]       7915     25051 10636 27061 3802  
17:19:43 6291     17185    12942    4222     0     0     0     0     0       0       17185       6291        12942       4222        23455       0           0        40640    517     [4/4]       7918     20005 8341  17984 21076 
17:19:44 6287     17163    12934    4241     0     0     0     0     0       0       17163       6287        12934       4241        23462       0           0        40625    536     [4/4]       7920     8196  444   10635 19103 
17:19:45 6347     17342    13057    4269     0     0     0     0     0       0       17342       6347        13057       4269        23673       0           0        41015    1061    [4/4]       7902     13223 4635  11359 19137 
17:19:46 6310     17244    12993    4254     0     0     0     0     0       0       17244       6310        12993       4254        23557       0           0        40801    839     [4/4]       7893     21982 10993 24894 6028  
17:19:47 6339     17216    13015    4265     0     0     0     0     0       0       17216       6339        13015       4265        23619       0           0        40835    597     [4/4]       7892     14886 8666  8923  23824 
17:19:48 6280     17117    12972    4243     0     0     0     0     0       0       17117       6280        12972       4243        23495       0           0        40612    537     [4/4]       7894     23060 8920  21882 12082 
17:19:49 6270     17072    12938    4228     0     0     0     0     0       0       17072       6270        12938       4228        23436       0           0        40508    551     [4/4]       7896     24080 470   11993 12808 
17:19:50 6282     17076    12926    4238     0     0     0     0     0       0       17076       6282        12926       4238        23446       0           0        40522    489     [4/4]       7900     25714 5840  16971 4889  
17:19:51 6277     17058    12891    4235     0     0     0     0     0       0       17058       6277        12891       4235        23403       0           0        40461    488     [4/4]       7905     26053 5798  20860 29991 
17:19:52 6253     16965    12805    4217     0     0     0     0     0       0       16965       6253        12805       4217        23275       0           0        40240    466     [4/4]       7909     13740 9172  20979 18010 
17:19:53 6222     16887    12740    4204     0     0     0     0     0       0       16886       6222        12740       4204        23166       0           0        40053    676     [4/4]       7908     2856  323   463   28112 
17:19:54 6190     16807    12655    4186     0     0     0     0     0       0       16807       6190        12655       4186        23031       0           0        39838    477     [4/4]       7914     3447  743   4842  2794  
17:19:55 6207     16880    12702    4202     0     0     0     0     0       0       16880       6207        12702       4202        23111       0           0        39991    644     [4/4]       7912     26950 1304  11410 2075  
17:19:56 6198     16846    12669    4175     0     0     0     0     0       0       16846       6198        12669       4175        23042       0           0        39888    584     [4/4]       7912     2033  316   4731  12734 
17:19:57 6050     16441    12366    4089     0     0     0     0     0       0       16441       6050        12366       4089        22505       0           0        38946    638     [4/4]       7910     11257 4023  4818  2900  
17:19:58 6073     16469    12431    4106     0     0     0     0     0       0       16469       6073        12431       4106        22610       0           0        39079    597     [4/4]       7911     3321  706   5231  544   
17:19:59 6368     17242    12962    4295     0     0     0     0     0       0       17242       6368        12962       4295        23625       0           0        40867    2246    [4/4]       7848     15899 5031  6536  11784 
17:20:00 6381     17307    12995    4309     0     0     0     0     0       0       17307       6381        12995       4309        23685       0           0        40992    623     [4/4]       7848     10010 10224 25845 28965 
17:20:01 6316     17130    12853    4284     0     0     0     0     0       0       17130       6316        12853       4284        23453       0           0        40583    450     [4/4]       7854     18836 4124  12965 22829 
17:20:02 6314     17111    12888    4306     0     0     0     0     0       0       17111       6314        12888       4306        23508       0           0        40619    504     [4/4]       7857     8968  879   15820 9770  
17:20:03 6315     17154    12938    4312     0     0     0     0     0       0       17154       6315        12938       4312        23565       0           0        40719    734     [4/4]       7851     22109 5143  19879 8786  
17:20:04 6287     17083    12865    4300     0     0     0     0     0       0       17083       6287        12865       4300        23452       0           0        40535    484     [4/4]       7856     24104 1248  35459 20584 
17:20:05 6263     17018    12817    4275     0     0     0     0     0       0       17018       6263        12817       4275        23355       0           0        40373    501     [4/4]       7861     30918 6217  24071 22999 
17:20:06 6278     17104    12895    4314     0     0     0     0     0       0       17104       6278        12895       4314        23487       0           0        40591    587     [4/4]       7862     23975 10916 21968 17030 
17:20:07 6147     16846    12697    4254     0     0     0     0     0       0       16846       6147        12697       4254        23098       0           0        39944    527     [4/4]       7864     22682 1275  22523 26861 
17:20:08 6152     16820    12725    4272     0     0     0     0     0       0       16820       6152        12725       4272        23149       0           0        39969    500     [4/4]       7869     30969 4211  11176 14036 
17:20:09 6195     16852    12754    4289     0     0     0     0     0       0       16852       6195        12754       4289        23238       0           0        40090    806     [4/4]       7861     17816 1277  7511  7726  
17:20:10 6222     16951    12816    4308     0     0     0     0     0       0       16951       6222        12816       4308        23346       0           0        40297    672     [4/4]       7858     23651 6934  8619  24074 
17:20:11 6233     17045    12872    4325     0     0     0     0     0       0       17045       6233        12872       4325        23430       0           0        40475    648     [4/4]       7857     28949 2782  31758 3799  
17:20:12 6246     17103    12920    4326     0     0     0     0     0       0       17103       6246        12920       4326        23492       0           0        40595    573     [4/4]       7859     29786 8060  23998 9729  
17:20:13 6213     17001    12861    4299     0     0     0     0     0       0       17001       6213        12861       4299        23373       0           0        40374    507     [4/4]       7862     14301 459   4461  14617 
17:20:14 6197     16883    12766    4273     0     0     0     0     0       0       16883       6197        12766       4273        23236       0           0        40119    395     [4/4]       7868     2363  394   2334  2875  
17:20:15 6172     16920    12720    4247     0     0     0     0     0       0       16920       6172        12720       4247        23139       0           0        40059    1105    [4/4]       7852     24353 4631  18932 1919  
17:20:16 6173     16941    12741    4245     0     0     0     0     0       0       16941       6173        12741       4245        23159       0           0        40100    522     [4/4]       7855     2509  365   462   2258  
17:20:17 6159     16898    12689    4242     0     0     0     0     0       0       16898       6159        12689       4242        23090       0           0        39988    461     [4/4]       7860     21954 5303  28322 21913 
17:20:18 6149     16899    12690    4239     0     0     0     0     0       0       16899       6149        12690       4239        23078       0           0        39977    431     [4/4]       7866     26559 6917  29212 13081 
17:20:19 6157     17003    12689    4253     0     0     0     0     0       0       17003       6157        12689       4253        23099       0           0        40102    642     [4/4]       7866     27235 5428  24922 16232 
17:20:20 6053     16750    12484    4183     0     0     0     0     0       0       16750       6053        12484       4183        22720       0           0        39470    487     [4/4]       7871     3616  1123  1908  1598  
17:20:21 6110     16942    12626    4207     0     0     0     0     0       0       16942       6110        12626       4207        22943       0           0        39885    1460    [4/4]       7841     16946 4433  9893  17909 
17:20:22 6113     16979    12677    4196     0     0     0     0     0       0       16979       6113        12677       4196        22986       0           0        39965    639     [4/4]       7840     25972 2181  28011 21758 
17:20:23 6120     16988    12668    4216     0     0     0     0     0       0       16988       6120        12668       4216        23004       0           0        39992    503     [4/4]       7842     29127 2088  10080 21907 
17:20:24 6118     16929    12644    4204     0     0     0     0     0       0       16929       6118        12644       4204        22966       0           0        39895    493     [4/4]       7846     20929 8024  15795 10003 
17:20:25 5975     16547    12252    4108     0     0     0     0     0       0       16547       5975        12252       4108        22335       0           0        38882    481     [4/4]       7851     24927 10976 32695 7129  
17:20:26 5952     16374    12187    4070     0     0     0     0     0       0       16374       5952        12187       4070        22209       0           0        38583    649     [4/4]       7848     15948 2100  18061 31707 
17:20:27 6031     16581    12367    4138     0     0     0     0     0       0       16581       6031        12367       4138        22536       0           0        39117    1021    [4/4]       7833     16589 10528 19783 16603 
17:20:28 6077     16698    12468    4154     0     0     0     0     0       0       16698       6077        12468       4154        22699       0           0        39397    732     [4/4]       7829     18136 10975 15002 9236  
17:20:29 6019     16574    12384    4123     0     0     0     0     0       0       16574       6019        12384       4123        22526       0           0        39100    461     [4/4]       7834     27988 3792  10948 30084 
17:20:30 5948     16378    12276    4077     0     0     0     0     0       0       16378       5948        12276       4077        22301       0           0        38679    452     [4/4]       7839     17885 8893  15783 17225 
17:20:31 6048     16534    12378    4086     0     0     0     0     0       0       16535       6048        12378       4086        22512       0           0        39046    1093    [4/4]       7823     19949 3357  7598  16833 
17:20:32 6051     16582    12386    4090     0     0     0     0     0       0       16582       6051        12386       4090        22527       0           0        39109    591     [4/4]       7825     24605 5806  6309  15018 
17:20:33 6036     16462    12273    4066     0     0     0     0     0       0       16462       6036        12273       4066        22375       0           0        38837    427     [4/4]       7831     26033 6889  28942 17675 
17:20:34 6031     16449    12263    4055     0     0     0     0     0       0       16449       6031        12263       4055        22349       0           0        38798    495     [4/4]       7835     1779  293   2519  2115  
17:20:35 6075     16478    12346    4057     0     0     0     0     0       0       16478       6075        12346       4057        22478       0           0        38956    722     [4/4]       7831     11266 7808  13385 2380  
17:20:36 6052     16453    12313    4048     0     0     0     0     0       0       16453       6052        12313       4048        22413       0           0        38866    471     [4/4]       7836     3117  341   1836  1719  
17:20:37 6099     16592    12421    4081     0     0     0     0     0       0       16592       6099        12421       4081        22601       0           0        39193    1419    [4/4]       7809     26924 9448  13855 26862 
17:20:38 6061     16470    12347    4053     0     0     0     0     0       0       16470       6061        12347       4053        22461       0           0        38931    582     [4/4]       7810     17638 6307  12241 2521  
17:20:39 6073     16466    12380    4058     0     0     0     0     0       0       16466       6073        12380       4058        22511       0           0        38977    610     [4/4]       7809     1882  323   3105  4835  
17:20:40 6099     16632    12491    4087     0     0     0     0     0       0       16632       6099        12491       4087        22677       0           0        39309    927     [4/4]       7801     16046 5781  19717 7339  
17:20:41 6119     16662    12494    4103     0     0     0     0     0       0       16662       6119        12494       4103        22716       0           0        39378    584     [4/4]       7802     34998 3188  21304 15732 
17:20:42 6143     16689    12483    4121     0     0     0     0     0       0       16689       6143        12483       4121        22747       0           0        39436    522     [4/4]       7804     30889 11004 13037 18021 
17:20:43 6141     16695    12479    4134     0     0     0     0     0       0       16695       6141        12479       4134        22754       0           0        39449    530     [4/4]       7806     17794 7923  20902 14863 
17:20:44 6137     16680    12457    4119     0     0     0     0     0       0       16680       6137        12457       4119        22713       0           0        39393    480     [4/4]       7810     33718 4890  25874 26768 
17:20:45 6087     16601    12372    4094     0     0     0     0     0       0       16601       6087        12372       4094        22553       0           0        39154    822     [4/4]       7804     23827 10716 15960 32823 
17:20:46 6132     16717    12465    4100     0     0     0     0     0       0       16717       6132        12465       4100        22697       0           0        39414    1099    [4/4]       7789     27666 3235  12838 16712 
17:20:47 6133     16720    12503    4092     0     0     0     0     0       0       16720       6133        12503       4092        22728       0           0        39448    631     [4/4]       7787     26691 7113  27800 29973 
17:20:48 6155     16740    12487    4085     0     0     0     0     0       0       16740       6155        12487       4085        22727       0           0        39467    556     [4/4]       7790     24968 7097  23958 20698 
17:20:49 6157     16711    12468    4076     0     0     0     0     0       0       16711       6157        12468       4076        22701       0           0        39412    496     [4/4]       7793     16614 5132  17019 21765 
17:20:50 6276     17057    12775    4155     0     0     0     0     0       0       17057       6276        12775       4155        23206       0           0        40263    1340    [4/4]       7770     25989 2970  6680  7942  
17:20:51 6333     17233    12903    4188     0     0     0     0     0       0       17233       6333        12903       4188        23424       0           0        40657    882     [4/4]       7762     20768 5091  9001  9847  
17:20:52 6324     17246    12934    4194     0     0     0     0     0       0       17246       6324        12934       4194        23452       0           0        40698    507     [4/4]       7765     21871 7878  14214 11808 
17:20:53 6303     17177    12867    4173     0     0     0     0     0       0       17177       6304        12867       4173        23344       0           0        40520    498     [4/4]       7769     28759 6089  28984 12071 
17:20:54 6411     17488    13063    4244     0     0     0     0     0       0       17488       6411        13063       4244        23718       0           0        41206    1163    [4/4]       7752     2249  381   2082  1722  
17:20:55 6412     17497    13053    4235     0     0     0     0     0       0       17497       6412        13053       4235        23700       0           0        41197    635     [4/4]       7752     4180  1263  17950 3757  
17:20:56 6622     18072    13429    4373     0     0     0     0     0       0       18072       6622        13429       4373        24424       0           0        42496    1883    [4/4]       7713     14894 4227  18189 9849  
17:20:57 6628     18063    13423    4348     0     0     0     0     0       0       18063       6628        13423       4348        24399       0           0        42462    604     [4/4]       7713     7472  6964  15218 9545  
17:20:58 6664     18146    13485    4377     0     0     0     0     0       0       18146       6664        13485       4377        24526       0           0        42672    807     [4/4]       7707     3694  879   2703  3835  
17:20:59 6505     17660    13174    4271     0     0     0     0     0       0       17660       6505        13174       4271        23950       0           0        41610    1184    [4/4]       7688     28801 9177  21022 32921 
17:21:00 6516     17673    13214    4273     0     0     0     0     0       0       17673       6516        13214       4273        24003       0           0        41676    689     [4/4]       7686     25856 3968  6921  9971  
17:21:01 6551     17869    13313    4317     0     0     0     0     0       0       17869       6551        13313       4317        24181       0           0        42050    824     [4/4]       7681     13981 957   5659  8693  
17:21:02 6586     18003    13398    4332     0     0     0     0     0       0       18003       6586        13398       4332        24316       0           0        42319    773     [4/4]       7676     18825 3097  25046 28247 
17:21:03 6565     17912    13366    4320     0     0     0     0     0       0       17912       6565        13366       4320        24251       0           0        42163    578     [4/4]       7677     14884 6930  16755 9950  
17:21:04 6654     18146    13541    4362     0     0     0     0     0       0       18146       6654        13541       4362        24557       0           0        42703    1024    [4/4]       7665     19765 46727 64496 18141 
17:21:05 6683     18212    13604    4387     0     0     0     0     0       0       18212       6683        13604       4387        24674       0           0        42886    684     [4/4]       7662     28060 6301  23383 31909 
17:21:06 6671     18210    13541    4382     0     0     0     0     0       0       18210       6671        13541       4382        24594       0           0        42804    505     [4/4]       7666     23891 9179  20044 12787 
17:21:07 6669     18211    13545    4386     0     0     0     0     0       0       18211       6669        13545       4386        24600       0           0        42811    534     [4/4]       7668     19024 8098  12873 12101 
